[-73.96616469373576,40.75832965015343]
[-73.78993423553041,40.64685736354329]
[-74.01046998613099,40.71390879605505]
[-73.991505358628,40.74986360267998]
[-73.88471747733452,40.70927171449404]
[-73.87353614494775,40.77406345868129]
[-73.97111049751825,40.796413014354265]
[-73.95365189875801,40.68434642169969]
[-73.92747493030764,40.86404293298014]
[-73.95496422903878,40.77917923260099]
[-74.17373504638672,40.54267883300781]
[-74.17928755540115,40.6921452331543]
[-73.96253122216244,40.71778108850755]
[-73.9808018144285,40.73351172591087]
[-73.96094556598018,40.76537343983103]
[-73.97388539070069,40.793419204053855]
[-73.94488863401774,40.83553125888486]
[-73.98974810879672,40.74147317998733]
[-73.99336998738035,40.695426040434505]
[-74.00701473839207,40.733257492833964]
[-73.88525063650948,40.83838135855538]
[-73.98167548900814,40.77437799937371]
[-73.98759837162466,40.765475254370656]
[-73.80309544438902,40.72784311875053]
[-74.08899040222168,40.64543628692627]
[-73.98357580386669,40.75523541497846]
[-74.0117656504993,40.702660015439406]
[-73.94141586566793,40.79949360222652]
[-73.97187763244439,40.78210336346961]
[-73.95412383023044,40.76564286655111]
[-73.98826404966916,40.76928257387052]
[-73.98802167163092,40.72293188588861]
[-73.99367819858018,40.735060299189094]
[-73.95591369865019,40.745015909870084]
[-73.94990637224396,40.71567992838484]
[-73.90414294074563,40.90410288642435]
[-73.95996370315552,40.641606871287024]
[-73.97876361419483,40.72121431217637]
[-74.01524251333231,40.716056432838855]
[-74.01561070194951,40.64460505732784]
[-73.97322264466166,40.753743775049244]
[-73.95436761608579,40.805090513284775]
[-73.96878659798051,40.763442567393966]
[-73.94985380032254,40.72531199728409]
[-73.7689464453495,40.71624033378832]
[-73.92317022144964,40.74288199505044]
[-73.88515055811683,40.7724969234023]
[-73.99297185097971,40.580144574565274]
[-73.96071561034913,40.77495791507285]
[-73.95151242438726,40.78622062435295]
[-73.97762491600513,40.763915129475635]
[-73.94302758855068,40.787848295449606]
[-73.90469330432369,40.888699494156185]
[-73.86307497566298,40.76927735214302]
[-73.92848100090906,40.677986988823534]
[-73.95817229853951,40.76906400055055]
[-73.96362790454194,40.763620753413285]
[-74.0380095505133,40.61549312312429]
[-73.90179649988809,40.66669996579488]
[-74.00068625745247,40.76090332393813]
[-74.0006686375516,40.741603556350455]
[-73.98539544625345,40.7275483476587]
[-73.98169588636844,40.771173035844846]
[-73.82873882824862,40.74638217008567]
[-73.93813858799,40.814567144192644]
[-73.91726439102837,40.779252657683]
[-73.9765218478157,40.74908351195009]
[-74.00551368636191,40.751555865355016]
[-73.79980465489575,40.646330515543625]
[-73.80361276302698,40.682474412258316]
[-73.97588614258066,40.74290454202954]
[-73.88311305314542,40.75003250162979]
[-73.94655705069354,40.6551464788928]
[-73.77672684020658,40.64540794025383]
[-73.97245538756344,40.75952394294503]
[-73.95643407185872,40.60874402364095]
[-73.96927343238711,40.63072629998492]
[-74.00378079276794,40.70799623758299]
[-73.98085747392554,40.752647141406406]
[-73.99362393009962,40.75647941265856]
[-73.97893154547081,40.71387651494818]
[-74.00830307765469,40.716142735920805]
[-73.97295611996731,40.675191440170614]
[-73.98758757786113,40.73848612532721]
[-73.99829551952845,40.75567850877035]
[-73.99782316442479,40.71343192442215]
[-73.98442194125384,40.722210106992215]
[-73.9573932599094,40.80121038937073]
[-73.98052234181716,40.7599472560353]
[-73.81719897810821,40.712034650668976]
[-73.98219371430581,40.76781008763453]
[-73.97059778581585,40.76551133571766]
[-74.00472767645192,40.722665224674245]
[-73.93821413008894,40.668128810945106]
[-73.99723325320684,40.74180811661207]
[-73.90326396278714,40.74300949124323]
[-73.99453144708956,40.745460259822444]
[-73.9747517272372,40.783134087697086]
[-73.94967412038463,40.79659550140507]
[-73.86552007527764,40.732511051365584]
[-73.96433901390796,40.75600578039037]
[-73.98764058924951,40.777636329755076]
[-73.83544667561848,40.893412526448564]
[-73.97128067666372,40.762176688749065]
[-74.00479597521968,40.72645751625577]
[-73.91220205181445,40.765870396246356]
[-73.98066666439179,40.7807833656366]
[-74.0074619236838,40.748054699143964]
[-73.98447403435873,40.73815566053059]
[-73.99192520675436,40.75936002147441]
[-74.00127401796438,40.74677924382485]
[-73.96206952806679,40.75794831106817]
[-73.82005391802106,40.81698676518031]
[-73.87862070076527,40.73590916062819]
[-74.00484822326138,40.74530606115446]
[-73.9864643709788,40.761668403465904]
[-73.9918484507809,40.76467505251835]
[-73.93282039703861,40.698187581954464]
[-73.85746376187194,40.87885276944029]
[-73.98406336349757,40.764782496312584]
[-74.0008527984825,40.730762787997804]
[-73.96980288510031,40.69299560331962]
[-73.99259135364173,40.737616574720484]
[-73.93649963096335,40.758618416609586]
[-73.71234563571304,40.74021256859623]
[-73.85386380282316,40.575627413663]
[-73.93840382438005,40.84850559894009]
[-73.99676362022025,40.68192107560205]
[-73.97828076932727,40.7519153286429]
[-73.94686897825709,40.77393924103928]
[-73.99023960859573,40.71865709171084]
[-73.99573536475363,40.689374432964556]
[-74.01905822753906,40.865028858184814]
[-73.99786588412402,40.72519546933815]
[-73.99062619127716,40.6669178631962]
[-73.99646420638707,40.763744994733464]
[-73.73779783387116,40.68456837750863]
[-73.99509743584527,40.76027925895922]
[-73.96160643056423,40.808086799895754]
[-73.98739333314845,40.74174173772513]
[-73.84205397708708,40.72054066711199]
[-74.00161028340214,40.72404691382008]
[-74.1855001449585,40.622986793518066]
[-74.06407957810623,40.72868948716384]
[-73.95567135147884,40.78235738509058]
[-73.98433940401772,40.694803273279966]
[-73.80614066123962,40.78604352474213]
[-73.98579974495468,40.74446646106752]
[-73.95506969063668,40.81962923821059]
[-73.8328628540039,40.872907638549805]
[-73.90321679409324,40.77107750123052]
[-74.02040050875756,40.630581435336865]
[-73.94418651903446,40.69656108267865]
[-74.00840395018899,40.7379770913773]
[-73.79866017693301,40.66638011235335]
[-73.97710508943595,40.78639446480453]
[-73.9930648160634,40.75264060114899]
[-73.99452253059994,40.750477696290396]
[-73.78370848435623,40.667946742131164]
[-73.72336445684019,40.62886909816576]
[-73.96104746205064,40.77995831899375]
[-73.97789095299538,40.75801741398183]
[-73.96424814432609,40.7697603406597]
[-73.95185515012471,40.77820438519772]
[-73.83116977186087,40.760791885804935]
[-73.98916006538249,40.77433286270256]
[-73.94044522099722,40.823683456196136]
[-73.85225946977201,40.728824214889784]
[-73.9411885689998,40.79342947973721]
[-73.98185384845381,40.76347729508727]
[-73.98403445951314,40.742766226769156]
[-73.95203344638531,40.768746524794494]
[-73.98298702872759,40.73102066256988]
[-74.00048476056537,40.71952232918997]
[-73.99172016023547,40.73065458726796]
[-73.80553195351048,40.5893689205772]
[-73.977503041229,40.77427354584299]
[-73.9260612936581,40.6157086091883]
[-73.98665529470473,40.732757866192166]
[-74.00540180276492,40.71934150652408]
[-74.10514869689942,40.60633773803711]
[-73.93846120925757,40.804638794055]
[-73.73534161703927,40.77281747545515]
[-73.98139305470616,40.783167281998885]
[-73.9898242669947,40.68557724531959]
[-73.98553829848898,40.75245931397936]
[-74.23338317871094,40.53727912902832]
[-74.00594908841308,40.72982915615658]
[-73.7892317703466,40.64303364151134]
[-73.95109997829192,40.70908149005157]
[-74.01587912953666,40.7049333573472]
[-73.93872243053508,40.586519421271554]
[-73.8534593001656,40.69206251061481]
[-73.92396682427855,40.6896216100576]
[-73.97767839444164,40.754439570968884]
[-73.99705509666207,40.737079132786384]
[-73.96462474075267,40.68438209964587]
[-74.00142497677228,40.73857588186055]
[-73.95344875322893,40.775580330983104]
[-73.98170458317054,40.74692371587674]
[-73.99134327088561,40.74508436924507]
[-73.78390489224189,40.64845636790385]
[-73.96829247044312,40.7554674320703]
[-73.7896245320638,40.84785397847493]
[-73.95811505622149,40.76071024879606]
[-73.89188853649723,40.746053171857604]
[-73.99568799546107,40.732304200349276]
[-73.96882625567532,40.792718255190984]
[-73.97897993890483,40.74564913658366]
[-73.97191168032742,40.746403305890816]
[-73.96235797443448,40.77250302893612]
[-73.79224487304688,40.70974754333496]
[-73.97598358984098,40.765057295141084]
[-73.94782237716132,40.82868912014259]
[-74.16170004139775,40.72716356360394]
[-73.92276228548631,40.70463018458289]
[-73.90714249337555,40.8501354144637]
[-73.97772949400142,40.74005607015458]
[-73.95859299238647,40.71223944019897]
[-74.00232215364616,40.715202612705916]
[-74.03673760465873,40.72191602130269]
[-73.96852233499997,40.80049263985625]
[-73.92231360852536,40.80840532495341]
[-73.89676669591378,40.7538839615068]
[-74.01004664481859,40.709946693161406]
[-73.9500856551459,40.781522609250906]
[-73.96101475016276,40.76989350891113]
[-73.99992723818178,40.6772556093004]
[-73.96991853778347,40.758221244192285]
[-73.98109596672408,40.72916882891174]
[-73.96092810900109,40.674009500547896]
[-73.99048939327133,40.751265688467136]
[-73.9331295179284,40.736952781677246]
[-73.96161767624176,40.796967097374846]
[-73.9468245079769,40.80793962334868]
[-74.00667070637579,40.70672247596409]
[-73.98269270283332,40.73998338024899]
[-73.97570368904903,40.77935918978987]
[-74.09783317929222,40.81674593970889]
[-73.99007807416376,40.75657164806768]
[-73.74094379309452,40.71054100267815]
[-73.8056108204592,40.65770516784406]
[-73.99809934165967,40.7455532902975]
[-73.96543079424508,40.80522577985933]
[-73.95681624380349,40.719036374510544]
[-73.92625712947122,40.762838639183094]
[-73.95724871058664,40.69409619024889]
[-73.98818573778613,40.729921105671245]
[-73.89172330109969,40.64109055892281]
[-73.9828655035189,40.67602306781429]
[-73.86054641008377,40.83796513080597]
[-73.91817731338564,40.77157229658948]
[-74.13541870117187,40.56753311157227]
[-73.93516638638,40.74647276050548]
[-73.88737766431726,40.85804821511974]
[-73.87815387707921,40.75902303059896]
[-73.86538269313404,40.77050908406576]
[-73.92210807263012,40.65712899221501]
[-73.98171390545927,40.688525259169786]
[-73.98228576611348,40.74452750638026]
[-73.99083503385404,40.73936043250222]
[-73.89942707485623,40.72665776146783]
[-73.99288881583826,40.74253588235537]
[-73.93538221911848,40.855178316062855]
[-73.95607268487808,40.776926151208485]
[-73.97555028130026,40.7322941679113]
[-73.98108431009146,40.60871560756977]
[-73.95441442757458,40.788029906459855]
[-74.00981866745721,40.79015186854771]
[-74.00448220812432,40.74171142870643]
[-73.99041941727451,40.73406155623591]
[-73.96334008267051,40.7748865639536]
[-73.92362293293507,40.824054259967625]
[-73.98864538434992,40.75879675752532]
[-73.98674308752165,40.712731129914815]
[-73.9941245523532,40.72805819313166]
[-74.0073065943425,40.74368396821749]
[-73.97972097309739,40.76565527255698]
[-73.97032391191229,40.789058147619826]
[-73.94053850553087,40.83182278321059]
[-73.99549823149282,40.72541280834066]
[-73.99207109361474,40.71419958218533]
[-73.7464977132863,40.66386749004496]
[-73.97392998150208,40.74768871071994]
[-73.9962569527004,40.63781608360401]
[-73.93217805159111,40.76432751668603]
[-73.96470460119602,40.71079164834722]
[-73.86305281695198,40.899539049933935]
[-73.91618948185192,40.74466264322307]
[-73.98474119506278,40.77426985170362]
[-73.95948571389346,40.657453084633225]
[-73.98200341943964,40.777956681410956]
[-73.70672416687012,40.841593742370605]
[-74.01382571818405,40.714585777436135]
[-73.99260381723055,40.74835600274745]
[-73.91375964620839,40.63270922674649]
[-73.97592738316817,40.78916171435693]
[-73.99730377197265,40.5308464050293]
[-73.70494588216145,40.780461629231766]
[-73.95625567050274,40.7850538253154]
[-73.98099925196837,40.73780491422588]
[-73.97930844504424,40.74898390095644]
[-73.9831424329965,40.725172373052736]
[-74.0153913388975,40.710811037556056]
[-73.98098710583102,40.66518406406526]
[-73.96629584912432,40.77169541415789]
[-73.94906442260742,40.74634548187256]
[-73.9844409556063,40.77989941287584]
[-73.98497504937727,40.768636697413434]
[-74.00834428671976,40.70481038208993]
[-73.98587027683524,40.74060914240674]
[-73.9823588636104,40.750371226667845]
[-74.0511396003492,40.78416408192028]
[-73.78232713241303,40.64448598807003]
[-73.97255268299354,40.75646905347986]
[-73.98833848697964,40.75359714938381]
[-73.95210879010207,40.8109239975123]
[-73.99407034587496,40.72116960418627]
[-73.93477743932746,40.797234411886805]
[-73.92937385670011,40.75446579645062]
[-74.01285176709973,40.70792182949112]
[-74.03301429748535,40.741984844207764]
[-74.00883185502518,40.722993805477195]
[-74.02863700173117,40.62057876586914]
[-73.95781628758215,40.764310142741444]
[-73.81890106201172,40.76173697078929]
[-73.9195615801895,40.75760480646502]
[-73.92548896526468,40.79226730609762]
[-73.91159888047439,40.686927707378686]
[-73.98829705079052,40.7444026813245]
[-73.77966011967035,40.646693762372834]
[-73.76741753554926,40.76226201871546]
[-73.9638227724596,40.76618699200758]
[-73.97598514690266,40.647748947143555]
[-73.98731461258622,40.71942505432679]
[-73.91284515117776,40.816517698353735]
[-73.95935941808364,40.772263668284694]
[-73.94849286236013,40.78418033120317]
[-73.9894929595,40.69175162939568]
[-73.9498155027874,40.77177293489372]
[-73.95455074945166,40.77000327986677]
[-73.89117633840425,40.76715566291184]
[-73.9789045590597,40.76205520936284]
[-73.95055355980283,40.67249166579474]
[-73.92064289131551,40.83931861260925]
[-73.97433941222454,40.73743600277995]
[-73.94144976270069,40.683742282154796]
[-73.9718897658128,40.75009523412683]
[-73.99481379511451,40.74001957878688]
[-74.01162773543868,40.67751660485485]
[-73.96940457706047,40.785583126139166]
[-73.98047829601398,40.742366632679655]
[-73.9756525735095,40.760062392247946]
[-73.82928895496187,40.69025224958148]
[-73.93020947347551,40.85180451565941]
[-73.9580042874824,40.78051591508452]
[-73.99644268712082,40.71779018271077]
[-73.91090595816064,40.77555956052044]
[-73.84519438691193,40.85183405614161]
[-73.95949003216379,40.81363924115779]
[-73.99816004661076,40.75088664721708]
[-73.92037138877205,40.765318413979465]
[-73.96243808655615,40.77711956525308]
[-73.76706397015116,40.667744263358735]
[-73.90711217727105,40.832583155945265]
[-73.85903498069527,40.711699456283725]
[-73.95308753895473,40.78103140212235]
[-73.98221940328324,40.757536297573246]
[-73.94488971877063,40.818862299394105]
[-74.00138096515734,40.68411100505035]
[-74.11911010742188,40.73781204223633]
[-73.95108538318182,40.82393338276302]
[-73.96651551952677,40.78939793037756]
[-73.9423304393633,40.81014663255168]
[-73.96483657656853,40.77365213516869]
[-74.00684370922906,40.740387623823665]
[-73.94638849574602,40.78059988974954]
[-73.94114506198845,40.75285756597145]
[-73.97571207858515,40.75208177149373]
[-73.97457374643035,40.75745946431233]
[-73.9793268769652,40.787828035219874]
[-73.94536838271208,40.777727242690425]
[-73.92637432785769,40.771353872474975]
[-73.81018846764411,40.69961267410348]
[-73.98492189582896,40.74656890979597]
[-74.01678683202277,40.70844566724293]
[-73.98548633916428,40.75864167420327]
[-73.96868226943602,40.7607160336668]
[-73.98750754732535,40.747815044752635]
[-73.9554392152232,40.73215708709115]
[-73.84986626923974,40.75285415269842]
[-73.83150836399624,40.71183267661503]
[-73.84297437446062,40.67112891618596]
[-73.89365013385641,40.82011834506331]
[-73.78158852713449,40.78342132568359]
[-73.8668594803921,40.75040919281715]
[-74.00204895380303,40.75648511832828]
[-74.00271975339115,40.6106451684302]
[-74.00114001031291,40.72788814671365]
[-73.99089318781645,40.77061344819537]
[-74.0098611755519,40.720112485686776]
[-74.00912576090495,40.73023022867839]
[-73.97419888745557,40.75083520975199]
[-74.00535153030255,40.73687665212678]
[-73.86580535187119,40.67655554585073]
[-74.00515047777438,40.71615354467625]
[-73.98368267780681,40.76090337231282]
[-73.97327837131435,40.76420177858712]
[-73.78428591214693,40.738191457895134]
[-73.81861670542571,40.6675947803562]
[-73.94341036233719,40.74720937191083]
[-73.96570390539975,40.76171644751705]
[-74.00213828398265,40.750969581128786]
[-73.79593849182129,40.75955310234657]
[-73.96378611555004,40.58312506627555]
[-73.98437310088731,40.735250146975815]
[-73.97794765219723,40.727431154974155]
[-73.97439496810304,40.76238805879908]
[-73.87600069460662,40.82568297178849]
[-73.94142619837645,40.84116961624083]
[-73.97866457562115,40.78370436414052]
[-73.83897040356165,40.78252419658091]
[-73.97257815403536,40.78617757999017]
[-73.96638736915646,40.753504936678475]
[-73.98941028301533,40.70215134028147]
[-73.94453144073486,40.89311122894287]
[-73.9828231168754,40.7161313360864]
[-73.91320231541451,40.87840126709617]
[-73.99934439681229,40.734154802201516]
[-73.95620114201321,40.767285387239724]
[-73.94125370601957,40.71111186734206]
[-73.9691484107831,40.75021222894559]
[-73.98938462193902,40.747803416284235]
[-73.90120067018451,40.86762595899177]
[-73.97331778218278,40.74375158742537]
[-73.97020824936472,40.75273844138863]
[-73.97352747480844,40.791047936699435]
[-73.82714123196071,40.842364682091606]
[-73.99774565356186,40.72220135021267]
[-73.9493231410072,40.776639849799025]
[-73.98458447054016,40.74856302154592]
[-73.98902004565272,40.73652165962779]
[-74.00705979922115,40.71139534144075]
[-73.85401266271418,40.82316372611306]
[-73.96063598875843,40.76159600875212]
[-73.95236510062186,40.79062937293326]
[-73.96698416308098,40.76544166283163]
[-73.97690317254317,40.68386505863123]
[-73.82042701289339,40.73027236506624]
[-73.95914868820243,40.777860473528655]
[-74.08179728190103,40.89313676622179]
[-74.00395134172139,40.7483945479662]
[-73.95568625413856,40.772643830268066]
[-73.97981180723896,40.75529060127897]
[-73.96789504088822,40.76849404515307]
[-73.77276925479664,40.690463851479926]
[-73.9958604184007,40.75381203944949]
[-73.94434240210147,40.63373370570991]
[-73.98667423091611,40.755926118452614]
[-73.88105506139085,40.87882356454205]
[-73.94708114332293,40.79061045531719]
[-73.86568328857422,40.85765106201172]
[-74.00472579356364,40.65468547437909]
[-73.74952189127603,40.60078625801282]
[-73.9580569799751,40.7829614337744]
[-73.87989667256673,40.661824735005695]
[-74.02458067198057,40.762805113921296]
[-73.96210453022762,40.76771886382116]
[-73.95794959490527,40.774604119094796]
[-73.87091759130651,40.773787680625155]
[-74.00305498257396,40.73350301605012]
[-73.71773667768998,40.666420156305485]
[-73.98971075734943,40.76218525359706]
[-73.9417004595746,40.72357011732164]
[-73.95347102030178,40.78392820596591]
[-73.98749608137571,40.750160798276575]
[-73.9656332978086,40.79361989198672]
[-73.78499782786649,40.90843402638155]
[-73.97098695074398,40.75555624221679]
[-73.97542896707377,40.75552405899296]
[-73.91966350311382,40.86797858087302]
[-73.99392121413658,40.767695993140364]
[-74.03021757943289,40.63435084479195]
[-73.83796310424805,40.62088584899902]
[-73.88391000716413,40.67905057062868]
[-73.75050575949929,40.736315848610616]
[-73.9705320085798,40.866055988130114]
[-73.90450382918763,40.70409534646453]
[-74.22100275213069,40.81831949407404]
[-73.99200346044427,40.724849791487365]
[-73.98998829277677,40.72710752103351]
[-73.99142510351716,40.75514343227287]
[-73.9522253256758,40.77295130980396]
[-73.97848002863132,40.73619386833009]
[-73.96318682117989,40.800650111161225]
[-73.73304494222005,40.805235862731934]
[-73.90946107752183,40.754651291363714]
[-74.00772159937104,40.72643858205548]
[-73.9479345346426,40.801930804892535]
[-73.97850874157317,40.77731972609045]
