[-73.97378623962402,40.76031629774305]
[-74.01576103645166,40.71522142688014]
[-73.8654601963087,40.77055263153895]
[-74.00547214029686,40.745675889369885]
[-74.15638912425321,40.73817129696117]
[-73.78343148217843,40.64379915239248]
[-73.92372219947076,40.834492345010084]
[-73.95595650883563,40.78466879028871]
[-73.94438740072215,40.713345545244394]
[-73.99702531681504,40.693851045120596]
[-74.1282468523298,40.557334899902344]
[-73.96217465255192,40.805164902544895]
[-73.99820869526964,40.682160681866584]
[-73.99463748237963,40.75038700009986]
[-74.00467475891114,40.716107192993164]
[-73.98930337352138,40.762957496027795]
[-74.00310402485862,40.68310915059711]
[-73.96160800116402,40.64138790539332]
[-73.91117652598369,40.77568803222394]
[-73.97638333334307,40.77621677343925]
[-73.99381056447183,40.72782521555501]
[-73.92665926868698,40.744331268675296]
[-73.96516490137854,40.76945060197697]
[-74.00642175047938,40.73338530248732]
[-73.85104984432073,40.693579735693994]
[-73.97786359386284,40.71973469838375]
[-74.00811879612228,40.722721653634245]
[-73.9383569106557,40.791579838671716]
[-73.97481316937127,40.741915035971246]
[-73.99140250445474,40.75004347649584]
[-73.9453630110452,40.77503792664606]
[-73.98442333240799,40.774609851353055]
[-73.96740622023133,40.68879954800284]
[-73.99006941511824,40.59734870292045]
[-73.96294624506041,40.7625126026952]
[-74.00700314389263,40.705303740956154]
[-73.90432672692626,40.75367890428377]
[-73.97777072365669,40.749086028613135]
[-73.94990582332433,40.69942167763398]
[-73.99161570979207,40.74465012407108]
[-73.87798024706272,40.76933494133035]
[-73.97475093566266,40.79359107001131]
[-73.84403031447837,40.739524578226025]
[-73.96692191410675,40.7887891594535]
[-73.84157623291016,40.67885215759277]
[-73.97977852925074,40.761004540992865]
[-73.9633430142353,40.77467190217477]
[-73.984736711551,40.66295211335533]
[-73.8497592163086,40.89969772338867]
[-74.00499596051722,40.720373836939764]
[-73.869907171076,40.77216505570845]
[-74.00277357478272,40.76047936181529]
[-73.9269669510936,40.818997739835545]
[-73.96853349057687,40.75501247008154]
[-73.94212410896769,40.7545446139663]
[-73.80533045581264,40.68032807570238]
[-73.97916273890014,40.78358542745384]
[-73.89244428594061,40.825633312793485]
[-73.90661385480095,40.691849652458636]
[-74.00492293692662,40.7413279239669]
[-73.98715513771279,40.733474140892625]
[-73.86961123817845,40.85501279328999]
[-73.84725201924641,40.72371687889099]
[-73.92505912860734,40.86526415682939]
[-74.08094838460286,40.80390446980794]
[-73.84382198167884,40.87768206389054]
[-73.956692640492,40.77108341834448]
[-73.75580727713448,40.74010478428432]
[-73.97741854860368,40.76131547320804]
[-73.79764719138858,40.645247222071866]
[-73.78124300638834,40.90993118286133]
[-74.03546480032114,40.61721060826228]
[-74.17735261827427,40.6940035625685]
[-73.98631396854285,40.7402200345126]
[-73.94344977809958,40.69245497821128]
[-73.98507579381896,40.68671964249521]
[-73.83255344679375,40.71478720272288]
[-73.9559365775402,40.764041362262795]
[-73.98031291126115,40.765440477094096]
[-73.92832152158743,40.76332079085512]
[-73.84308656056722,40.82039054234822]
[-73.95070514706087,40.77936323879454]
[-73.9940952775041,40.690210618916346]
[-74.01021930111408,40.720763697898406]
[-73.97899856685576,40.77715631125972]
[-73.93768389601456,40.847121815932425]
[-73.99531081258885,40.72149304100431]
[-73.95925970435297,40.777417608559674]
[-74.13204331831498,40.6094970703125]
[-73.99176171034505,40.73897170118688]
[-73.98288070721452,40.725533328871094]
[-73.98534141231228,40.75069332380553]
[-73.9545134302217,40.8212969191022]
[-73.97771877093906,40.67373126788731]
[-73.98506861872234,40.72784011892898]
[-73.94489323357428,40.80731768724395]
[-73.87655131022136,40.745572299049016]
[-74.13265228271484,40.88214111328125]
[-73.99802719866861,40.74073999427327]
[-73.99700768642738,40.762078972488155]
[-73.96488579331849,40.75989200369881]
[-74.00039948205607,40.72926877795291]
[-73.9155707359314,40.805566251277924]
[-73.74028553682216,40.671755622414985]
[-73.78995931928088,40.64675515108456]
[-74.01643463873094,40.64384263561618]
[-73.95113397573496,40.72964328914494]
[-73.99588606193343,40.72697428569658]
[-73.98285589708844,40.73100069829726]
[-73.98979941635756,40.754139227178506]
[-73.97681251087296,40.7560262011337]
[-73.80538547902867,40.651407573534094]
[-73.72880645751954,40.78680419921875]
[-74.24433135986328,40.6198132832845]
[-73.9124984741211,40.68330710274833]
[-73.99463895318229,40.74028566584241]
[-73.96133731155061,40.79659573958524]
[-73.99334219094091,40.71221720548284]
[-73.93565148573656,40.73685825788058]
[-73.86380463838577,40.7363315820694]
[-73.9449263043223,40.8348222635134]
[-73.98673070345953,40.745281711055654]
[-73.95701112567254,40.684951321583874]
[-73.90760683806046,40.83265049146569]
[-73.92463970184326,40.612856705983475]
[-73.81799304296099,40.763272906106614]
[-73.99178957854099,40.731381317664834]
[-73.94525177715815,40.78304664433351]
[-73.94053950718471,40.723918064662385]
[-74.01448928374481,40.7092889187133]
[-73.95130471002116,40.783478661715804]
[-74.00620865231959,40.72714551890481]
[-73.97489253281375,40.76197118893564]
[-73.99069871063377,40.77084345713808]
[-73.92550921830976,40.66129340500128]
[-74.00061807271163,40.74771505827224]
[-73.92050873512446,40.76525828339333]
[-73.96187187643612,40.75606924830576]
[-74.00054967451177,40.72129679408562]
[-73.98000415578792,40.745958921513896]
[-73.95572768279685,40.77938136297828]
[-73.94083222268792,40.787954896790175]
[-73.97413795338606,40.750862741132735]
[-73.7768960271563,40.64553021508821]
[-73.98177765406375,40.77869496230401]
[-73.90637870788575,40.87670822143555]
[-73.95489314198494,40.72848369181156]
[-73.9726507306099,40.79649165868759]
[-73.98452824815706,40.75811625415494]
[-74.00699169753337,40.73080775544958]
[-73.81085872650146,40.693751465190545]
[-73.95413840773062,40.764216778906594]
[-73.95790191978537,40.71751223328293]
[-73.98342474839441,40.69715300060454]
[-73.98192875968438,40.7690417475391]
[-74.21657180786133,40.76386642456055]
[-73.9555396833969,40.782592050157206]
[-73.9747740462935,40.736377368888895]
[-73.99297994180725,40.74753261286768]
[-73.74864818431712,40.71371021977177]
[-73.9905203179322,40.756134308815966]
[-73.9547357867645,40.76961498391351]
[-73.95424777514313,40.734786895856466]
[-73.98347845531646,40.765014947284754]
[-74.0025006697642,40.7340687102317]
[-74.00574708313324,40.7101113684578]
[-73.83324632190522,40.84205037071591]
[-73.90399303770901,40.862713395503526]
[-73.97318737703641,40.75520206916355]
[-73.93936633279264,40.805205734019836]
[-73.7311272254357,40.68818957989033]
[-73.9879285210439,40.77910069005117]
[-73.87222105084044,40.70964535799894]
[-73.95265707298307,40.81752297852444]
[-73.95363659793384,40.77527031310617]
[-73.95171913404143,40.748521654793386]
[-73.99278345075922,40.768591133914015]
[-73.78367690609,40.64853127474166]
[-73.95150303196263,40.67265556954049]
[-73.9196604023809,40.73534513556439]
[-73.78975423177083,40.91166051228841]
[-73.96006552063592,40.65915504304489]
[-73.97304099830421,40.687857230933936]
[-73.99803161193437,40.72452727561574]
[-73.91336407415048,40.74571833277184]
[-73.95917278844067,40.81560581565922]
[-74.00588717199604,40.73990988014474]
[-73.96924430912536,40.760982853108544]
[-73.990630172135,40.75107996742447]
[-73.9533576965332,40.61507955090753]
[-73.93312101010923,40.58233360007957]
[-73.98871346836611,40.72283870914174]
[-73.93798861761609,40.85266276877485]
[-73.94529607844225,40.80114156039641]
[-73.9715445137024,40.766101872126264]
[-73.97275986531355,40.78051984037746]
[-73.95659005954471,40.77525398168671]
[-73.90104724834492,40.89461710545924]
[-73.99254517347475,40.75855729025051]
[-73.78792514595935,40.713193462740996]
[-73.85491142272949,40.835616493225096]
[-73.94947219101084,40.82238424339624]
[-73.98158464465146,40.73711976815827]
[-73.97482383158669,40.782814328777256]
[-73.98969823338041,40.76754743844871]
[-73.98924403655683,40.73703345580051]
[-73.87181207147569,40.7343475182019]
[-73.99479216914024,40.767126685829574]
[-73.96906003701841,40.79970540020825]
[-73.7947166442871,40.592045211792]
[-73.9520026875191,40.76940696904448]
[-73.72082138061523,40.67175078392029]
[-73.95397366867262,40.767000828187136]
[-73.98424907365826,40.754554423957664]
[-74.00389940876606,40.75276077680351]
[-73.95328107598709,40.79989473133871]
[-73.95320614679392,40.79127081074099]
[-73.98286229213298,40.721704798296464]
[-73.95755922124627,40.675601173429456]
[-73.99970506188905,40.75425913016784]
[-73.98669070833321,40.76123236967178]
[-73.99637546466784,40.737835430826976]
[-73.97922014810074,40.72344489913438]
[-74.00227506540483,40.73992753302914]
[-73.86252721276092,40.768702995046034]
[-73.78062700544085,40.784373256138394]
[-73.98594342664039,40.735798483983864]
[-73.96682484350471,40.804073648660726]
[-73.74137913903525,40.686790111453035]
[-73.76772537231446,40.76249799728394]
[-73.78314985922718,40.6669553704218]
[-73.91634568257548,40.779808446989584]
[-73.88213993952824,40.65444085536859]
[-73.88535944620769,40.75498400794135]
[-74.03742480278015,40.719557126363114]
[-74.0116538929625,40.70394433135891]
[-74.01685534292524,40.70976448851829]
[-73.97114499555482,40.75804826342178]
[-73.98386885712846,40.743567869474035]
[-73.71660995483398,40.846089363098145]
[-73.97579566878503,40.646384402959036]
[-73.8723503558567,40.77437932800334]
[-73.92748587472097,40.693995763385104]
[-73.8916273328993,40.63903240627713]
[-74.00898482757262,40.71446208835048]
[-73.98019174477231,40.75165596665468]
[-74.00384826834144,40.749041593197134]
[-73.90530270369595,40.74099458966936]
[-73.97594347000123,40.681187849044804]
[-73.92457261789475,40.76087283291192]
[-74.04511128301206,40.78514430833899]
[-73.98767401548207,40.73843641552327]
[-74.00710538479267,40.751710069778994]
[-73.98652285606248,40.743022506770686]
[-73.89518138340541,40.883792877197266]
[-73.97371168659157,40.79117325070786]
[-73.86686903854896,40.723571053866685]
[-73.97200693849658,40.74631489868846]
[-73.95785503865997,40.78296911725007]
[-73.95275713620192,40.7803770062684]
[-73.99163594640287,40.714849916615876]
[-73.97892240745004,40.68410316032449]
[-73.94610571129046,40.77747004362528]
[-73.94175917337955,40.70225147083045]
[-73.96491212619571,40.71190266646738]
[-74.00828831355997,40.73868738566159]
[-73.89719374974568,40.74709910816616]
[-73.95485308779189,40.765551432631526]
[-73.98246084600888,40.745536530804024]
[-73.98617301259523,40.713110570502664]
[-73.93546109586148,40.684091799968]
[-74.01397875836878,40.717031484800685]
[-73.98704391008957,40.72946282105299]
[-73.9619165255996,40.7795072680533]
[-73.87738882211539,40.82685482318585]
[-73.96775859829809,40.7925562928759]
[-74.17651748657227,40.549964269002274]
[-73.76683677511012,40.71802674963119]
[-73.87384657426314,40.67220323736017]
[-73.92107452743355,40.711749898976294]
[-73.96838784675532,40.759060225561655]
[-73.9851963232595,40.71883180406358]
[-73.93967218036893,40.8272401833836]
[-73.95407626972124,40.70900254305235]
[-73.71476364135742,40.58601760864258]
[-73.97488351449076,40.73041429600703]
[-74.0674617767334,40.72295227050782]
[-73.71186645507812,40.754367980957035]
[-73.98675926908135,40.77640902304456]
[-73.96831299537837,40.75148148647575]
[-73.97903580280133,40.74067623024091]
[-73.98398490839595,40.76721594252532]
[-73.99902081712384,40.74475841210267]
[-73.954883458193,40.777705959902114]
[-73.84262052495428,40.66536136383706]
[-73.91155806647407,40.753098509046765]
[-73.86760524402965,40.75142222317782]
[-73.95730515431038,40.713332413684704]
[-73.7393593788147,40.63559532165527]
[-73.99967627240044,40.67692305083968]
[-74.00757810977228,40.74864301273633]
[-74.00467882047587,40.70706003791025]
[-73.98668146133423,40.671769283034585]
[-74.00459134940743,40.75178222824763]
[-73.90398421796779,40.81658550373559]
[-73.94804140560059,40.77876234385447]
[-73.97777488826311,40.754190685038374]
[-73.94785293804601,40.82945481348899]
[-73.92507553100586,40.77344227712089]
[-74.00748859752308,40.7077686994023]
[-73.98725714623652,40.72515440270826]
[-74.06713167826334,40.755666097005204]
[-73.97371552231236,40.76427701498958]
[-73.98675084281162,40.766659257996764]
[-74.00616048230371,40.71808607282284]
[-73.80981768983783,40.7343692779541]
[-73.97547855538686,40.786975900070466]
[-73.94084069335344,40.79918576212762]
[-74.15760930379231,40.62787437438965]
[-73.95497734828946,40.77358974437703]
[-73.98458749294133,40.73802752357391]
[-73.9715000597666,40.75084786106519]
[-73.93981637734392,40.75102325162479]
[-73.98558459895672,40.7527988769318]
[-73.93959449889168,40.71013913835798]
[-73.99534798180203,40.744405522023]
[-73.95794750711192,40.81089460953422]
[-73.97462840918799,40.756401631493006]
[-73.97704835398625,40.75195386787779]
[-73.9609732153753,40.769286508924004]
[-73.95820960750444,40.76482860249755]
[-73.99139163751052,40.72913763290061]
[-73.92262545498934,40.826782587224784]
[-73.97207005978711,40.762659127124756]
[-73.9685598083481,40.765052422304755]
[-73.96701819214299,40.77239334052527]
[-73.99774470575628,40.75651194641578]
[-73.99093759976901,40.741926336377915]
[-73.98909032823727,40.748259500882526]
[-73.99410074815799,40.75125720438069]
[-73.94976554435769,40.776583328642374]
[-73.73256960782138,40.70655753395774]
[-73.99778356808145,40.720285620465376]
[-73.80885314941406,40.894076347351074]
[-74.1127410888672,40.65635375976563]
[-74.00349624264199,40.72277445611657]
[-73.78191841775734,40.64476262409088]
[-73.81611897120965,40.704421248391405]
[-73.9658296114983,40.762444190440036]
[-74.00249606172927,40.72809773212446]
[-73.98251561601033,40.67774226314338]
[-73.82399521660558,40.71242338357512]
[-73.85678620771928,40.75564592534845]
[-73.9652641170281,40.77180780142792]
[-73.97059226962787,40.75209254727467]
[-73.95748646003156,40.80185049230402]
[-73.92652248691869,40.6830888696619]
[-73.94667223817814,40.78056181202764]
[-73.99062770528164,40.73327253253193]
[-74.00379922635253,40.732422311621974]
[-73.96398345474479,40.76499922951122]
[-74.00337430695184,40.72606180394576]
[-73.94223951067244,40.682469133649555]
[-73.99137775512082,40.759930429973146]
[-73.9805894193137,40.77471075033593]
[-73.97054492983969,40.78882954554271]
[-73.98444468152665,40.76977659439236]
[-74.00259105620128,40.755929912220346]
[-73.97808929638049,40.7573789909886]
[-74.0047808391292,40.60516264380478]
[-73.9523381705236,40.65458039563112]
[-73.94788569232679,40.78948068010987]
[-73.98849622208552,40.7562385811711]
[-73.92444026713468,40.79354161632304]
[-73.98909814926311,40.77697849367271]
[-73.94411901038463,40.81854790715095]
[-73.99283392281714,40.73735293537889]
[-73.9406810276945,40.8373143639363]
[-73.89412919530328,40.66337916536151]
[-73.96316863791611,40.79887739090315]
[-74.0262336730957,40.86555290222168]
[-73.95480196759861,40.805363578065844]
[-73.73928222656251,40.72925643920899]
[-74.12399037679036,40.80838521321614]
[-74.00052264404296,40.75793236194957]
[-73.99041159450016,40.761355283814694]
[-73.9431185066561,40.74695428879389]
[-73.99223449457422,40.75423968194389]
[-73.9940170859497,40.745982278302705]
[-73.96115491179383,40.7145106776231]
[-73.85494434504218,40.72655925434597]
[-73.96939277648926,40.86486644744873]
[-74.08117961883545,40.83607196807861]
[-73.9290514365634,40.75331551494123]
[-73.9640509982069,40.76788102745676]
[-74.01544698079428,40.71131101697854]
[-73.96713251684808,40.76373495343746]
[-73.98042116957589,40.742584299479404]
[-73.95227213875867,40.777468443560664]
[-73.82295227050781,40.68681750090226]
[-73.88731638590494,40.85734359423319]
[-73.97564770695794,40.7603393618327]
[-73.95935085757954,40.781102953841156]
[-73.929849165577,40.76924044075658]
[-73.97771871162183,40.778959947643855]
[-73.99959864377738,40.76137802053217]
[-73.9835832358364,40.73415123889723]
[-73.82924741857192,40.858918358297906]
[-73.84673277537027,40.78939469655354]
[-73.9979231092665,40.71368385083748]
[-73.98021370683516,40.78183961237358]
[-73.99934723944152,40.73371875609689]
[-73.97709842883458,40.72575232752061]
[-73.98775834184353,40.759945470143144]
[-73.98511113470319,40.74192719934423]
[-73.89120200221524,40.747414150121024]
[-73.90851775082675,40.70416272770275]
[-73.94817916845625,40.77093091937168]
[-73.95243267044128,40.69090102298326]
[-73.78438497844495,40.73869439175254]
[-73.97932536315918,40.75577477518717]
[-73.94368657332201,40.77670880831205]
[-73.96535416927708,40.754766479371085]
[-73.96598109077004,40.7583276068463]
[-73.95646467740956,40.747012674552685]
[-73.98108239329407,40.76409952069857]
[-73.98654537352304,40.72220449031345]
[-74.00546613083291,40.72334733952862]
[-73.91168872028791,40.768354986800624]
[-73.98183861569268,40.783562523350746]
[-73.90581999153926,40.84712807885532]
[-74.04725011189778,40.89193662007649]
[-73.92465583314286,40.63208527260638]
[-73.9772384900567,40.76385763508964]
[-73.9941265700339,40.73540300483093]
[-73.79204953101375,40.65689013081212]
[-73.98229619671262,40.775043853402835]
[-73.99629346723259,40.75329774851164]
[-73.95859450385683,40.77247995611221]
[-73.97492340562256,40.78945312104695]
[-73.95896260938649,40.77496102150906]
[-73.9606269812732,40.75810236071948]
[-73.948802012967,40.79684985741637]
[-73.87460880894814,40.76222149018318]
[-73.99036362371984,40.74640846544531]
[-73.96722525291074,40.75684579349259]
[-73.89328260461991,40.76784158054786]
[-74.00515089778362,40.713582612981845]
[-73.82404555135699,40.72887528832279]
[-73.91781092339706,40.75844720533823]
[-74.02440730503626,40.76338141305106]
[-73.98777805978034,40.69555523301837]
[-73.99218994102334,40.724138096355084]
[-73.98592762968465,40.762319402309814]
[-73.99599188071608,40.73256409435399]
[-73.94147815126361,40.81073304378625]
[-73.95298169946972,40.78897435779073]
[-73.760363528603,40.600475913599915]
[-73.97687494614546,40.73915540807388]
[-74.21541213989258,40.89111328125]
[-73.99958722047828,40.738605456212305]
[-73.98831262794103,40.731807744588686]
[-73.9461731579839,40.749408052405535]
[-73.95518122492611,40.580864468136355]
[-73.9275539479357,40.672354921381526]
[-73.92311026833274,40.70329432631984]
[-73.96020957770396,40.773266812468535]
[-73.9605404710561,40.77566305224502]
[-73.99056337103912,40.73095099371267]
[-73.94488607561337,40.779300447865744]
[-73.87710552680784,40.755017598470054]
[-73.95291574191086,40.77210612689865]
[-73.95347825409333,40.78686766278278]
[-73.9906588522236,40.71851174429562]
[-74.00596945882123,40.735425262594376]
[-73.94994046794834,40.66387333087067]
[-73.98278057682622,40.76335655246769]
[-74.00812724755735,40.7115954321258]
[-73.97256853451839,40.74952979274617]
[-73.9880148412482,40.764708278758064]
[-73.94680669487848,40.77233718193902]
[-74.0049363609413,40.72902377041903]
[-73.96187500643092,40.773801214576224]
[-73.97031290656271,40.75936499861374]
[-74.03335629087506,40.73343334775983]
[-74.0133164765819,40.678194715487244]
[-73.98956183667453,40.636093931378056]
[-73.99012802631654,40.68749243779192]
[-73.95387701616487,40.778918998063105]
[-73.8591579861111,40.575750986735024]
[-73.98766137768408,40.7623666409247]
[-73.9797443862789,40.78969580279894]
[-73.98017321103885,40.78583471569014]
[-73.87161445617676,40.8766123453776]
[-73.96485452561515,40.773957786236295]
[-73.99473828011512,40.76022538579113]
[-73.94883755194327,40.70912787327073]
[-73.90029883569525,40.7722949833833]
[-74.03095397949218,40.63546371459961]
[-73.96601174094461,40.6239571426854]
[-73.78943734370733,40.64292189798641]
[-73.97075867331706,40.74850881705012]
[-73.83020426432292,40.78477567036946]
[-73.98353968679992,40.781323620325615]
[-73.89538465227399,40.75606727600098]
[-73.93482572321307,40.75416593049702]
[-73.96271796155332,40.76963549941333]
[-73.94372945592023,40.6351767277372]
[-73.95853958170102,40.768435150934764]
[-73.7810701937289,40.698803051097975]
[-73.99691068755914,40.74729714956343]
[-73.79312989769913,40.68783159953792]
[-73.97730086570563,40.78418525183232]
[-74.00077480975493,40.73137347963121]
[-73.74214426676431,40.604466120402016]
[-74.15702056884766,40.83802922566731]
[-73.96139065361275,40.80123695687627]
[-73.94498075827575,40.79392602382562]
[-74.00211407396205,40.719533060567734]
[-73.98694987108058,40.75565884808893]
[-73.98942014098463,40.75250029070079]
[-73.99252901901794,40.763696943427554]
[-73.9834365727279,40.76151882956181]
[-73.99488871127744,40.72518664699782]
[-74.0072019207734,40.72866307721214]
[-74.00827957620176,40.746192231846315]
[-73.9750939695023,40.752580990221496]
[-73.98264024497573,40.77174332587428]
[-73.94096076571626,40.793744671128614]
[-73.94595998962873,40.77347853008845]
[-73.95134947682155,40.825527664359285]
[-73.97715557915934,40.78842831394836]
[-73.98367054284024,40.74690382983409]
[-73.79889847060382,40.723043344788636]
[-73.87464246468203,40.77397768608125]
[-73.93472850506123,40.696584349412184]
[-73.96161079061828,40.764574542399124]
[-73.97022082021991,40.797663060914154]
[-73.95137799475805,40.76008977968831]
[-73.98959838139754,40.692263223256205]
[-73.9629480801359,40.77151804515123]
[-73.95278286587335,40.78255358428329]
[-74.00545224076461,40.73743116869371]
[-74.01033038764972,40.72318831122771]
[-73.96136316826184,40.76050373284242]
[-73.986672614732,40.70227290782405]
[-73.97257965171846,40.74403149947176]
[-73.94170774815447,40.84150063207594]
[-73.9176874712479,40.70204465251324]
[-74.00919784803384,40.71917898411797]
[-73.96295968460034,40.79447196911068]
[-73.96306963109258,40.758138082398034]
[-73.9901020944233,40.739922649554416]
[-73.9644697077134,40.68276010401109]
[-73.95206239738599,40.810366692481104]
[-74.1015650431315,40.905321756998696]
[-73.98919555254531,40.75784905814745]
[-73.70461927141461,40.64576966421944]
[-73.8635771270781,40.769792941382065]
[-73.95093516864436,40.7861866280246]
[-73.89306074849675,40.72812515430236]
[-73.99552262052845,40.717350045557396]
[-73.88491439819336,40.812547874450686]
[-73.97456485697276,40.77852022134177]
[-73.98110086409773,40.69069297457002]
[-73.96016929303617,40.813589746012184]
[-73.99353880017532,40.733028168752405]
[-74.0167892915711,40.705050363106906]
[-73.93291917487757,40.76477270553361]
[-73.97174604593657,40.67732355036123]
[-73.91225394224509,40.69608541635366]
[-73.84639747619629,40.75484851837158]
[-73.98922173939631,40.774205397250675]
[-73.93236541748047,40.727275065886666]
[-73.96210212063387,40.81100200130613]
[-73.93278086639792,40.79563532723705]
[-74.035279168023,40.749485651652016]
[-73.96587807791573,40.79533575486767]
[-74.0022742617003,40.75060414523498]
[-73.77257221501048,40.6804568593095]
[-73.8269299687566,40.75452175655881]
[-73.88211695353189,40.73778817388746]
[-73.99823777469588,40.76450143037019]
[-74.00113377234747,40.741546931603146]
[-73.98485006262085,40.74825641437886]
[-73.97671127319336,40.60779051945127]
[-74.00853776660318,40.703977219293876]
[-73.97877818061338,40.76453095658823]
[-73.98863282309968,40.741336403268804]
[-73.99772652733898,40.729646709122434]
[-73.973850610308,40.747698915959795]
[-73.82949459191525,40.877029765735976]
[-73.97655407840178,40.76539535847619]
[-73.98127373386191,40.76753740441309]
[-73.97184178894784,40.78228534007789]
[-73.97591453484469,40.74473500021547]
[-73.9598628045554,40.79878354036933]
[-73.9438314891997,40.78684612909953]
[-74.20987447102864,40.81831741333008]
[-73.99865968520459,40.72292210440567]
[-74.0818419456482,40.64035391807556]
[-73.87306440173673,40.7741334754766]
[-73.96591866298874,40.80560589107857]
[-73.74535624186198,40.772282155354816]
[-73.9709574729435,40.76141560957736]
[-73.99136593646041,40.73507231137873]
[-73.95137689352524,40.77420030488559]
[-73.9882395294076,40.71820690339383]
[-73.98008829166291,40.667452743486294]
[-73.80419707121673,40.70368251094112]
[-73.97882487071394,40.762377002124666]
[-74.16029273139105,40.709081861707894]
[-74.01221014606855,40.707573892477534]
[-73.97267370998104,40.75327742001025]
[-73.97868138704676,40.75066650831573]
[-73.97768679744242,40.74618007148286]
[-73.93638659956117,40.74979040448758]
[-73.98884539393818,40.75885421563597]
[-73.97837031599573,40.73693625862468]
[-73.94843181665394,40.74553356999937]
[-73.96596228659062,40.80027015024124]
[-73.97818965012006,40.72930048925804]
[-73.98316222423861,40.739572487489546]
[-73.97326679289527,40.69494211561627]
[-73.94489356235684,40.727459353302166]
[-73.95051670723221,40.771508510240714]
[-73.98350932410474,40.74982687449642]
[-73.93801699595086,40.81397031804952]
[-73.99574099454013,40.764215869903566]
[-73.90660646226671,40.63174650404188]
[-73.88684260050455,40.71656977335612]
[-73.9611333211263,40.650911919864605]
[-73.9646932241079,40.5898224083153]
[-73.99582714324302,40.75937693372686]
[-73.88433415839012,40.74747042960309]
[-74.00184898759433,40.745874600554075]
[-73.97535039594236,40.75801743720789]
[-74.25121815999348,40.79906717936198]
[-73.96532014091059,40.76618274232876]
[-74.00221740750051,40.708651958718974]
[-73.9181074389705,40.771594003394796]
[-73.91865197458574,40.74388611701227]
[-73.99154330882257,40.72625372848169]
[-73.98513924412244,40.763755959963056]
[-73.88664817810059,40.70010741551717]
[-73.98089795858107,40.75981009154193]
[-73.89831371420233,40.73993486483421]
[-74.17370266384548,40.708522372775604]
[-73.83796310424805,40.62088584899902]
[-73.95736439485127,40.785521537506554]
[-73.86212509870529,40.73037987947464]
[-73.97819959802712,40.78661154821721]
[-73.97223756361346,40.75666653441552]
[-73.99537741774976,40.74944391481398]
[-74.23787689208984,40.682857513427734]
[-73.98196509744035,40.770805735166384]
[-73.96197244824134,40.77655628209276]
[-73.99945761224022,40.71801598173332]
[-73.98001204097183,40.74889708823232]
[-74.014228953925,40.704286529412485]
[-73.95802658234153,40.77905318856638]
[-73.98249152719357,40.7516045031626]
[-73.98141426447133,40.753214092353154]
[-73.9630584394201,40.71863179277416]
[-73.98190822972916,40.76240126800315]
[-73.95687722594714,40.78073696146907]
[-73.98786989375347,40.75392762093244]
[-74.00639257123395,40.654376306841456]
[-73.94694366455079,40.74103546142578]
[-73.78663599588039,40.64559552727676]
[-73.98158514985086,40.74970459723442]
[-74.00776718538434,40.71620326717749]
[-73.88527297973633,40.840853691101074]
[-74.00553982346146,40.72559008995692]
[-73.9913467758966,40.70235945600056]
[-73.87088573134328,40.773799206877044]
[-73.88973024156358,40.67640823788113]
[-73.70310592651367,40.77728748321533]
[-74.01136016845703,40.788904691997324]
[-73.97354032232707,40.78465799858268]
[-73.96080470374721,40.80672004251828]
[-73.92578180824839,40.73824220362718]
[-73.96419996168555,40.80275018040727]
[-73.91433609008789,40.82271209716797]
[-73.95981755574545,40.762662139892576]
[-73.99475514179952,40.661987985147015]
[-73.97945555027158,40.735120960592866]
[-73.96804166949407,40.80196196218992]
[-73.98118678464134,40.73337879903555]
[-73.99085566682635,40.617544498083724]
[-73.79797685650033,40.66866270253356]
[-73.75166528875178,40.66279024066347]
[-73.96977737820896,40.75345523418975]
[-73.91143115361531,40.65813811620076]
[-73.88013334728423,40.87986148652577]
[-73.97757307364917,40.774277629728786]
[-73.98512711819504,40.74476663146871]
[-73.95646378089643,40.76724727907692]
[-73.94928972332713,40.78129222248454]
[-73.95863794787176,40.70039194041285]
[-74.17716789245605,40.66410255432129]
[-73.97575055204999,40.74109537906058]
[-73.90494681693413,40.72559140179609]
[-73.94765368803047,40.7541753038948]
[-74.01282100470918,40.70209685473666]
[-73.99975555111664,40.64356763435133]
[-74.00745859369422,40.74285067346422]
[-73.72032092866444,40.62381562732514]
[-73.94343675722232,40.790163687399556]
[-73.97104871856837,40.7554608199597]
[-73.72917383367366,40.65510368347168]
[-73.94040650206728,40.765826733081376]
[-73.99095318091176,40.66827222726641]
[-74.00366687331677,40.7382853127665]
[-73.95415384177393,40.78445052799386]
[-73.98308878566112,40.759831304294394]
[-73.84430185953777,40.8521670465884]
[-73.97819047504001,40.65741019778781]
[-73.7896245320638,40.84785397847493]
[-73.97697730489297,40.75890179372857]
[-73.90991439819337,40.88801994323731]
[-73.94613675643397,40.814309132759675]
[-73.9761464106731,40.733353654543556]
[-74.18528366088867,40.69745063781738]
[-73.99781605357856,40.73587345338204]
[-73.9573773822269,40.81894823022791]
[-73.97779693603516,40.82636260986328]
[-73.99680310626363,40.68682475422704]
[-73.95993932633952,40.70995649247722]
[-73.94174173143175,40.65603722466363]
[-73.9672150281893,40.7606945601324]
[-73.90800163269043,40.76230085372925]
[-73.98227238361861,40.75683497029199]
[-73.97894389139202,40.758997230758204]
[-74.01088303574019,40.713332390220515]
[-73.97255315925514,40.79293134438549]
[-73.98122953905838,40.74425361086045]
[-73.95634822356395,40.63243606763008]
[-73.99980740914982,40.72719342585624]
[-73.95115133178183,40.714296530851556]
[-73.92274660755926,40.75533030694882]
[-73.99342467072722,40.68104771205357]
[-73.9919836460048,40.74913611367955]
[-74.00125029190727,40.751843645557855]
[-73.8562993367513,40.744222259521486]
[-73.98819699018041,40.72047546810154]
[-74.00559384139937,40.74844134472922]
[-73.99666661801545,40.74246599753253]
[-74.00256484052576,40.71739297974619]
[-73.9302782832828,40.70428101288225]
[-74.01390333736644,40.71439128818534]
[-73.91458348559726,40.76461303613748]
[-73.98195298578592,40.77336939751814]
[-73.92515346568119,40.76734688461468]
[-73.9930110987271,40.742565350226855]
[-73.96244067752778,40.76721734394064]
[-73.75809399834995,40.698392013023636]
[-73.98575007360938,40.746980627753096]
[-73.98301875485907,40.75569586677978]
[-73.95562017822266,40.776562490609976]
[-74.00192221884402,40.7152074683527]
[-73.99812165995806,40.75076170354752]
[-73.84788004557291,40.86692004733615]
[-73.95024858402017,40.72429335921391]
[-73.96678847550227,40.69424408030622]
[-73.94895692081636,40.77358343982799]
[-74.02711658477783,40.62053942680359]
[-73.95758422972663,40.76185717658391]
[-73.81657010033017,40.81805183773949]
[-73.98225836985557,40.74161406734106]
[-73.9091928416285,40.6144580183358]
[-73.97897231410926,40.74459328847934]
[-73.97376147266768,40.74372327513769]
[-73.9937896200895,40.76200993591984]
[-73.91688278553097,40.87359906573628]
[-73.8983732524671,40.70118623030813]
[-73.80018283159305,40.78790997236203]
[-73.72365455627441,40.73073463439942]
[-73.99000885734979,40.756904514146086]
[-73.96913120876137,40.790839983903666]
[-73.9969928324341,40.7254871102972]
[-73.9810444981001,40.78052021315877]
[-74.010678427336,40.70227100483635]
[-73.99347179614487,40.74978197941652]
[-73.94368993971084,40.67266476949056]
[-73.97894337619238,40.74747870157826]
[-73.96968237780858,40.763117543008484]
[-73.9499340057373,40.68111944932204]
[-73.96199062892369,40.79123905726841]
[-73.98238699721905,40.776844527906285]
[-73.95463097463808,40.780830552906764]
[-73.97879665362166,40.688169410126434]
[-73.99790751139322,40.57336196899414]
[-74.01670949687782,40.70641827176028]
[-73.93436047985296,40.80103863272697]
[-73.93849688237256,40.820300489369004]
[-73.81395806206596,40.71738979551527]
[-73.98082424123402,40.730000854218595]
[-73.98027284149666,40.770536072071664]
[-74.00695242200578,40.62455095563616]
[-73.97592312408078,40.748866076672186]
[-73.70660957923303,40.733913274911735]
[-73.96935914036783,40.74987824946554]
[-73.98948444890951,40.729886278798084]
[-73.96373241837188,40.776990336122715]
[-73.83160707548068,40.75997706821987]
[-73.81982005726208,40.58433636752042]
[-73.96022770307218,40.76656709191395]
[-73.96391332801757,40.80842450889081]
[-73.98025034915166,40.75434553992536]
[-73.8429651260376,40.77467215061188]
[-74.02403592600405,40.63082211688884]
[-73.95743524855462,40.743842138760336]
[-74.19123150053478,40.68733233497256]
[-73.93137884976571,40.85463262022587]
[-73.87732849121095,40.72656812667847]
[-73.96686774977574,40.76714492605658]
[-73.82626088460286,40.74498359362284]
[-73.92596848805745,40.650848388671875]
[-73.98352944707297,40.69397406980216]
[-73.98711293443695,40.751057875223]
[-73.85840972900391,40.88196487426758]
[-73.99471853512667,40.75516406552886]
[-73.9182752609253,40.846255429585774]
[-73.86145625038752,40.685937124585344]
[-73.95541882192927,40.78815445320316]
[-73.94720735831602,40.71932016042717]
[-74.00112839216553,40.736628796609864]
[-74.00110435671922,40.72498105863246]
[-73.98531871855651,40.7319549490872]
[-73.9306014164452,40.75909059138592]
[-73.96758364728572,40.769686695905136]
[-73.97266947861874,40.76447877378175]
[-73.95161060337495,40.790793859123255]
[-73.98894584279799,40.7433365498567]
[-73.83102287680416,40.76656496726861]
[-73.98459951589524,40.76039134884286]
[-73.85392360097354,40.73498743588162]
[-73.96662062590343,40.75315234221143]
[-73.97155264297545,40.795009259863804]
[-73.86433781215122,40.667577689034594]
[-73.985014288153,40.7790745429699]
[-74.01030695031282,40.710061572554984]
[-73.94746515569979,40.775737650127134]
[-73.95577717219851,40.77224809623059]
[-73.97176474112052,40.63523932562934]
[-74.00947359707217,40.706203817823635]
[-73.95013008488034,40.79355473935025]
[-73.99130738141511,40.75546124824754]
[-73.96449070159619,40.67480571125262]
[-73.91529533190605,40.67166685446715]
[-74.00829163676896,40.72567277271159]
[-73.98795380875274,40.749203845629985]
[-73.98813975214657,40.74442642972374]
[-73.95945750574911,40.80906487741778]
[-73.87768411636353,40.68241882324219]
[-74.00662761451923,40.744088361396905]
[-73.9647734449992,40.80694481130346]
[-73.98259321425745,40.76625177257761]
[-73.97339104592534,40.75802559223259]
[-73.90414227379692,40.74581651334409]
[-73.95773049168939,40.72151071433253]
[-73.9346955918336,40.744227459835805]
[-73.85821505955288,40.821325710841585]
[-73.97008559365739,40.79424479433625]
[-73.978838255293,40.7666111854772]
[-73.93902430041084,40.61341173895474]
[-73.95934305519893,40.69179812793074]
[-73.9707682841533,40.57795952461861]
[-73.94936351224158,40.78493506624768]
[-73.9930994494938,40.752432395466656]
[-73.96506140408692,40.791449072184385]
[-73.96018616073883,40.779062749174855]
[-73.85582684713697,40.70980174957759]
[-73.92299967290812,40.74391650048923]
[-73.94870059773073,40.80850597155296]
[-74.1824256018769,40.68817251191722]
[-73.9262370099925,40.80945467708087]
[-73.96739312374231,40.70724984371301]
[-73.80495860964753,40.661542386786884]
[-73.98947404432253,40.73470335820509]
[-73.99302361495697,40.730289251332415]
[-73.9764589234178,40.78066899432381]
[-73.95452270905176,40.71855952342351]
[-73.95990636222669,40.77107185082274]
[-73.88547034348316,40.77298109558807]
[-73.86072111129761,40.855961561203]
[-73.95027364095051,40.64378757476807]
[-73.93641246448864,40.62390726262873]
[-74.00830459594727,40.675978899002075]
[-73.83402876420455,40.704665848703094]
[-73.98808193025825,40.74650510514107]
[-73.93677460661083,40.79691365130675]
[-73.9420326388612,40.71786242115254]
[-73.97072152388722,40.76449290626927]
[-73.9926117804357,40.69412224668944]
[-73.83256579459982,40.69181799381337]
[-73.98891461656177,40.726904753002344]
[-73.96427990795095,40.75633842766194]
[-73.90397368537054,40.90637434853448]
[-73.98531765812622,40.76838116277848]
[-73.86588577997117,40.848582858131046]
[-74.22860717773438,40.518403371175125]
[-73.9727314540318,40.67182366858979]
[-73.98486476565294,40.72413069871021]
[-73.95313483677553,40.742870877298074]
[-73.91862903377874,40.689083409503226]
[-74.00291987030995,40.7493612225902]
[-73.7350248856978,40.76223858920011]
[-73.97362907618692,40.73895287840333]
[-73.90546324662084,40.77181729113207]
[-73.98288710814897,40.73533641365418]
[-74.00753136907048,40.740904254588834]
[-74.07969767252604,40.59732411702474]
[-73.70532819959853,40.68955612182617]
[-73.97221320548574,40.786553043385005]
[-73.71715259552002,40.80749845504761]
[-73.88629519685786,40.76663839056137]
[-73.98807181226377,40.76941787225576]
[-73.98627866416494,40.757933705530725]
[-73.76769187233666,40.66524470936169]
[-73.95260782543068,40.766720399150906]
[-73.95746912693285,40.77405272457259]
[-73.97058211872769,40.78404349884577]
[-73.98047926472111,40.73855092693177]
[-73.95878618093637,40.76027410947359]
[-73.99730377197265,40.5308464050293]
[-73.95758981712885,40.7698999484993]
[-73.96685738641155,40.793661326781624]
[-73.97609450017248,40.751008090967765]
[-73.9691294680725,40.78592525898481]
[-73.9935325331702,40.720802490592355]
[-74.00854870390597,40.73544055637465]
[-73.99115207880942,40.765606320630425]
[-74.00224499046718,40.73004535150459]
[-73.81901332310268,40.83985069819859]
[-73.97392851291316,40.76302704008499]
[-73.98160118643906,40.75830608812311]
[-73.9799862336898,40.71409005275194]
[-73.96613981535246,40.76501517157416]
[-73.98672005577643,40.771606816271714]
[-73.96220069096006,40.60524532712739]
[-74.00559050543775,40.75072460464846]
[-74.01016284092154,40.72938409777943]
[-74.01120298559016,40.71614824641835]
[-74.00382076672145,40.74768778937204]
[-73.82004391063343,40.667254101146355]
[-73.94769986778427,40.78347810417342]
[-73.99319754706488,40.69801159813291]
[-73.97888479082603,40.77253963815884]
[-73.86790073939731,40.899035644531246]
[-73.93715488853637,40.760134537254224]
[-73.93728207899233,40.80359575112232]
[-73.86667104867789,40.86454743605394]
[-73.90549558751724,40.67590545205509]
[-73.94453144073486,40.89311122894287]
[-74.01679505101892,40.708078270716385]
[-73.93622722960355,40.667636168630494]
[-73.9591099557701,40.66805510725712]
[-73.90091852041391,40.71101222894131]
[-73.98239675110507,40.76801779553192]
[-73.98141347875887,40.74709790297509]
[-73.9999887291985,40.74309116735522]
[-73.98558241900275,40.75628703363341]
[-73.9550986819797,40.81294488318172]
[-73.95720467309059,40.77728420877692]
[-73.85502230736518,40.84586777225617]
[-74.0081027769029,40.732376998409606]
[-73.9502839648034,40.76927172448024]
[-73.98122881413528,40.727567646862525]
[-73.94769607051727,40.764317358693766]
[-73.91986969978579,40.81594188238985]
[-73.94425004528415,40.82436012350103]
[-73.83931993458368,40.71951954985318]
[-73.975427150227,40.75488625092032]
[-73.9796569764846,40.73234513575929]
[-73.97846413114449,40.75254413303936]
[-74.00397864093169,40.742611629380676]
[-73.88945593152727,40.86928735460554]
[-73.97647316059073,40.79119347739613]
[-73.81575652091733,40.78289425757623]
[-73.95805209946347,40.73183319578133]
[-73.94752502441406,40.59856282109799]
[-73.97749976194191,40.74272034597795]
[-73.96954726469959,40.75734785902842]
[-73.99679020378325,40.722867657740906]
[-73.79618662708211,40.759378613166085]
[-73.99340773458869,40.756782363876844]
[-73.90919905442459,40.642598078801086]
[-73.96812933905292,40.76235459380777]
[-73.98570875590585,40.75934691273375]
[-73.99847684165303,40.75439998081752]
[-74.00646743774415,40.865549087524414]
[-73.98582089974425,40.69149024306016]
[-73.99786637317234,40.74543017420454]
[-73.97534008019088,40.76463357411114]
[-73.86602893628572,40.83490687922427]
[-73.96921165837878,40.767639358146226]
[-73.97220959799161,40.75962645849141]
[-73.94988219175316,40.80293232159023]
